1158
1192
3350
3916
6525
6670
7640
8384
8625
8723
8896
9003
9031
9034
9049
9104
11078
11275
11428
11947
12086
12152
12230
12302
12546
12592
12680
13933
14079
14171
14437
14527
14801
14958
15105
15326
15379
15425
15496
15609
15875
15940
16031
16322
16486
16717
17172
17242
17644
17745
17816
17862
17900
17942
17962
18243
18298
18358
18835
18896
18914
19000
19026
19082
19207
19295
19447
19489
19565
19572
19600
19738
19765
19857
19950
20090
20354
20467
20597
20731
20822
20981
21102
21160
21261
21614
21904
21922
21991
22091
22146
22294
22314
22473
22689
22722
22853
22945
23355
23383
23423
23532
23854
24825
25246
25317
25369
25539
25614
25703
25771
26722
26840
26893
26950
27044
27177
27286
27586
27599
28262
28323
28425
28555
28646
28725
28885
29042
29944
29960
30073
30243
30375
30537
30581
30693
30716
30822
31336
31602
31652
31779
31864
31917
32135
32151
32166
32304
32613
32796
32914
32971
33056
33101
33149
33165
33214
33315
33411
33474
33703
33816
34060
34150
34221
34326
34412
34552
34602
34679
34916
35030
35175
35393
35519
35619
35716
35766
36110
36179
36219
36312
36473
36520
36819
36865
36949
37024
37044
37644
37802
37831
39357
39431
39868
39908
41373
41400
41643
41730
41812
42265
42520
42718
42750
42858
42893
43065
43155
43238
43341
43573
43695
43727
43834
43950
44114
44649
44697
44789
44985
45105
45154
45331
46651
46716
46810
46922
47708
47850
47856
47897
47972
48134
48177
48220
48434
48517
49553
49719
49900
50018
50152
50240
50660
50669
50707
50752
50870
50941
51023
51192
52223
52481
52583
52712
52839
52887
52984
53062
53376
53439
53481
53553
53802
53894
54027
54147
54176
54469
54495
54871
55158
55197
55322
55376
55400
55469
55618
55791
56206
56282
56323
56383
56453
56530
56588
56755
56818
56884
56936
57037
57262
57321
57391
57411
57445
57605
57740
57868
57899
57995
58102
58410
58558
59185
59238
59402
60053
60155
60220
60309
60352
60559
60660
60687
60737
60764
60983
61068
61153
61209
61296
61338
61501
61592
61708
61771
62180
62397
62459
62517
62561
62675
62763
63301
63510
63602
63903
64120
64168
64863
64903
64935
65031
65046
65134
65328
65442
65518
65596
66028
66306
66447
66562
66608
66768
66826
66972
67101
67117
67499
67590
67674
67755
68142
68276
68309
68383
68463
68569
68776
68786
68848
69030
69958
70134
70252
70268
70317
70337
70479
70526
70652
71025
71064
71153
71224
71351
71403
71441
71510
71554
71610
71632
71704
71758
72012
72520
72589
72673
72928
73346
73380
73422
73776
73802
73898
73940
74071
74146
74243
74298
74379
74418
74462
74584
74590
74634
74754
74820
74840
74950
75154
75185
75235
75335
75375
75523
75759
75853
75910
76010
76215
76443
76479
76548
76664
76741
76767
76875
76895
76913
76966
77059
77142
77284
77413
77672
77732
78297
78423
78459
78527
78699
79017
79069
79175
79260
79362
79431
79498
79562
79777
79817
79873
79914
79960
80014
80085
80114
80178
80267
80345
80366
80462
80624
81030
81190
81413
81436
81563
81700
81924
82038
82352
82425
82771
82897
82969
83090
83179
83271
83558
83616
83852
83967
84210
84435
84532
84607
84639
86762
86819
86903
86958
87044
87139
87186
87411
87459
87480
87528
87559
87605
87882
87950
88054
88094
88146
88248
88302
88339
88639
88795
88864
89252
89316
89345
89435
90997
91434
91566
91599
92003
92086
92152
92273
92364
92388
92428
92534
92662
92764
92826
92969
93445
93481
93567
93639
93697
93772
93865
95050
95087
95188
95298
95326
95376
95437
95581
95608
95682
95709
95973
96035
96091
96100
96258
96558
96708
96823
96902
96946
97160
97279
97348
97390
97443
97636
97781
97819
97900
97968
98292
98374
98415
98487
98539
98724
98839
98922
98953
99113
99439
99646
99707
100273
100404
100644
100710
100761
100928
103392
103480
103658
103709
103882
103971
104040
104392
104492
104554
104649
104698
104782
104863
104899
104973
105214
105500
105612
106103
106245
106451
106551
106615
106816
106897
106937
106971
107165
107212
107394
107494
107633
107646
107814
107871
107919
107950
108311
108513
108624
108765
108804
108857
109163
109188
109412
109501
109531
109635
109642
109705
109775
109893
109976
110085
110216
110285
110317
110419
110539
110715
110918
111013
111054
111217
111252
111269
111302
111369
112391
112558
112692
112731
112760
112788
112841
112888
112920
113001
113040
113084
113218
113374
113425
113608
113652
113773
113814
114100
114124
114174
114235
114640
114741
114840
114856
114921
115103
115188
115253
115342
115789
115926
116146
116217
116324
116362
116585
116618
116626
116663
116679
116735
116818
117209
117236
117268
117302
117330
117371
117531
117658
117692
117736
117793
117896
118005
118037
118056
118132
118340
118380
118432
118685
118840
118984
119043
119263
119290
119358
119394
119546
119788
119898
119940
120019
120029
120105
120213
120271
120389
120462
120565
120771
120831
120870
120913
121051
121366
121414
121673
121850
121904
121971
122033
122184
122232
122282
122289
122436
122592
122655
122702
122794
122907
123018
123046
123297
123497
123700
123997
124119
124149
124168
124186
124236
124613
124687
124773
124843
124907
124946
125009
125057
125101
125112
125132
125194
125263
125301
125396
125475
125535
125562
126208
126262
126461
126534
126608
126696
126842
126946
126993
127057
127109
127193
127312
127322
127426
127539
127592
127682
127712
127804
127854
127932
127956
128003
128135
128186
128331
128428
128549
128627
128710
128726
128739
128856
128880
128944
129000
129052
129167
129204
129249
129269
129405
129507
129580
129652
129684
129868
129978
130085
130100
130140
130189
130616
130786
130849
131119
131186
131237
131281
131349
131500
131632
131711
131768
131894
131918
132365
132475
132498
132522
132630
132672
133351
133384
133509
133561
133680
133719
133759
133852
133986
134044
134222
134259
134323
134403
134491
134530
134592
134693
134750
134922
137117
137201
137259
137369
137464
137489
137514
137673
137761
137852
137917
138035
138138
138545
138648
138727
138846
138975
139173
139207
139308
139382
139519
139567
139790
139844
139904
139907
140002
140060
140168
140194
140212
140274
140316
140443
140499
140815
141022
141083
141163
141337
141402
141454
141558
141637
141711
141763
141824
141934
141978
142122
142176
142377
142417
142614
142673
142740
142843
142948
143005
143054
143163
143184
143315
143368
143484
143522
143659
143860
143994
144085
144166
144524
144783
145666
145749
145815
145869
146195
146889
146929
146994
147042
147116
147413
147465
147498
147766
147830
147887
148039
148084
148181
148356
148524
148573
148738
148759
148819
148873
148902
149254
149295
149320
149420
149583
149668
149696
149721
149835
149918
149984
150026
150050
150093
150167
150216
150305
150371
150611
150637
150699
150747
150790
150816
150930
150946
151536
151674
152225
152281
152325
152366
152500
152993
153019
153107
153150
153183
153274
153326
153480
153569
153617
153636
153692
153766
153784
153859
153992
154108
154219
154327
154823
154894
154954
155158
156124
156163
156349
156399
156451
156548
156589
156696
156760
156971
157120
157211
157228
157405
157477
157505
157968
158156
158229
158907
159256
159336
159457
159556
159611
159702
159772
159816
159920
159981
160007
160050
160092
160149
160192
160221
160268
160621
160650
160710
160795
160863
160891
160981
161005
161064
161160
161174
161341
161407
161606
161666
161801
161901
161957
162014
162090
162127
162187
162216
162297
162409
162458
162514
162579
162659
162824
162891
162965
163080
163301
163347
163386
163424
163515
163578
163704
163837
163872
164082
164134
164486
164594
165299
165466
165527
165948
166574
167054
167107
167440
167465
167518
167536
167554
167681
167692
167809
167891
167927
167991
168147
168192
168300
168558
168642
169117
169154
169319
169497
169564
169590
170434
170467
171045
171251
171361
171401
171567
171655
171727
171774
171799
172110
172126
172346
172402
172477
172581
172637
172751
172766
172882
172914
172976
173040
173977
174704
174727
174757
174790
174895
175138
175212
175398
175442
175500
175516
175609
175654
175702
175856
175897
175906
176010
176065
176086
176265
176343
176529
178209
178253
178378
178467
178491
178567
179077
179125
179374
179460
179505
179883
179962
179993
180096
180213
180478
180547
180809
180894
180956
181053
181119
181634
181673
181805
183135
183169
183492
183536
183613
183710
183767
183904
184014
184716
185758
185947
186123
186310
186404
186488
186558
186602
186620
186732
186752
186854
186909
186958
186996
187142
187175
187303
187399
187487
187616
187707
188580
188632
188663
188728
189202
189330
189368
189409
189475
189525
189591
189775
189825
189897
189916
190115
190208
190748
190845
190949
191214
191653
191682
191734
191782
191953
192137
192278
192367
192391
192451
193315
193415
193503
193519
193568
193586
193669
194888
194941
195015
195072
195098
195258
195319
195375
195415
195554
195598
195623
195661
195759
195910
196007
196175
196251
196350
196452
196517
196566
196598
196688
196830
196857
196940
196980
197120
197142
197226
198639
198675
198823
198899
198917
198954
199167
199219
199384
199445
199461
199674
199729
199788
199885
199962
201889
202544
204628
216337
216616
216940
217050
217111
217273
217427
217758
218043
218069
218183
218359
218445
218593
218817
218869
218901
218906
218999
219058
219105
219141
219151
219264
219718
219819
219946
220022
220166
220273
220470
220568
220665
220723
220833
221007
221165
221321
222976
223871
225331
225576
225791
225934
226040
226362
226686
226720
226834
226926
227131
227185
227222
227283
227321
227653
227807
227986
228053
228145
228304
228447
228496
228553
229025
229115
229158
229381
229440
229513
229605
229759
229918
229971
230079
230158
231771
231819
231904
232004
232069
232249
232283
232372
232729
232739
232765
232777
232967
232989
233063
233163
233196
233263
233377
233384
233480
233520
233554
233731
233770
233843
233898
234102
234195
235197
235234
235360
235394
235473
235705
235805
236172
236246
236303
236387
236502
236560
236992
237158
237348
237366
237402
237534
237693
237759
237768
237812
237868
237962
238320
238521
238676
238716
238820
238917
238970
239100
239248
239333
239366
239435
239584
239661
239702
239860
239994
240078
240181
240282
240639
240701
240792
240868
241425
241552
241902
242013
242050
242482
242532
242563
242840
242953
243006
243069
243118
243217
243303
243384
243459
243498
243525
243778
243816
243848
243913
243972
244019
244370
244473
244579
244596
244641
244683
244730
245564
245607
245910
245964
246026
246058
246139
246178
246533
247195
247363
247397
247434
247483
247522
247537
247995
248431
248481
248573
248815
248873
248899
249149
249193
249204
249242
249275
249328
249335
249361
249436
249904
249982
250021
250097
250342
250473
250545
250668
250787
250850
250881
250920
251015
251071
251163
251256
251890
251948
252058
252119
252261
252350
252362
252461
252585
252761
252895
252905
252917
253033
253078
253135
253190
253618
253668
253724
253853
253899
254241
254329
254393
254425
254492
254597
254636
254778
254824
254856
254906
255077
255105
255184
255894
255973
256033
256088
256132
256289
256339
256473
256605
256919
256986
257108
257165
257185
258095
258145
258267
258362
258417
258538
258606
258644
259194
259272
259321
259381
259431
259474
259765
259837
259931
260220
260373
260443
260545
261165
261217
261542
261603
261653
261728
261795
261835
261845
262040
262080
262115
262276
262413
262431
265541
265629
265726
265877
265951
267136
267164
267282
267378
267479
267727
267740
267859
267954
267990
268210
268828
268850
268988
269025
269056
269266
269437
269461
269503
269600
269624
269662
269740
269808
269903
270341
270373
270523
270533
270540
270773
271024
271181
271278
271305
271322
271390
271430
271543
271613
271633
271799
271854
271920
271967
272119
272149
272338
272408
272431
272477
272579
272735
272821
272920
273032
273551
273626
273717
273818
273957
274047
274260
274298
274557
274588
274602
274798
274920
275148
275277
275298
275539
275597
275715
275807
275932
276013
276124
276164
276399
276501
276547
276691
276707
276719
276808
276932
276944
276991
277050
277620
277688
277943
277999
278070
278103
278143
278160
278233
278696
279162
279254
279305
279336
279958
279982
280089
280180
280209
280289
280543
280718
280807
280842
280908
281006
281080
281100
281148
281273
281294
281384
281453
281590
281639
281732
281785
281868
282042
282236
282317
282350
282435
282526
282550
282616
282704
282765
285420
285485
285529
285560
285572
285622
285729
285756
286132
286205
286616
286695
286731
287152
287200
287262
287293
287501
287794
287852
287957
287987
288025
288074
288169
288228
288282
288457
288512
288555
288612
288862
289116
289377
289710
289857
290031
290629
291952
292045
292093
292136
292163
292192
292229
292310
292384
292514
292571
292609
292805
292895
293092
293105
295719
295795
297758
297946
302004
303041
325355
325834
326215
338902
340704
342277
344368
346272
351581
351672
351789
352454
353505
354958
354966
355222
356826
359456
359464
359888
360154
375778
377610
379535
380491
380963
383071
384248
386870
387952
388412
388718
388943
389456
389923
390258
394649
394756
399584
401141
401819
402122
403163
403600
403957
404164
404504
406034
406400
406985
407007
408118
408347
408725
409172
409426
409731
410760
411995
412577
417327
418160
418404
419140
419345
419749
420365
421372
422068
422637
423039
423142
424229
424688
424814
426461
428722
429184
429724
429907
430176
431615
431784
431897
432083
432259
432690
433496
433798
435322
435509
435858
436816
436834
437500
437546
437991
438292
438319
438636
439046
439476
439656
439844
441106
441358
442218
444764
445261
445663
446027
446301
446368
446591
446594
447196
447438
447495
447527
447809
447927
449221
449319
450978
451585
452156
453368
453588
454209
456249
456896
457424
457632
457659
458299
458399
458486
459102
459969
460258
460288
460310
460521
460551
460658
460757
460948
462761
463130
464196
464583
465023
465724
466220
466639
466796
467743
468308
468751
469398
469591
472549
474632
474650
478076
478099
479971
481414
481801
482639
482743
483518
483700
483918
484250
484755
485174
486443
486620
486702
486762
487245
487639
488286
489408
490629
491275
491596
491854
493058
493474
494552
495029
495158
496056
496772
496878
497119
497969
498286
498443
499820
501038
501420
502136
502656
503351
504301
504361
505158
506612
506765
507691
509758
512022
513131
514245
515855
516498
517990
518032
518175
518916
519606
520117
520221
521999
522046
522496
523739
524735
527314
528707
530249
530605
531234
531954
532401
533107
533537
533592
533896
534177
537354
538506
539131
539450
540031
540493
544543
544757
545398
545624
546392
547549
548281
548950
549783
549845
550603
550917
551524
551632
551655
552562
553160
554683
554881
556340
556386
556691
557094
558464
559784
559839
561181
565984
566804
566864
566921
570856
571760
571796
572422
572607
573003
573326
573939
574855
575093
575303
575367
575657
575995
576325
576535
576712
576780
576965
577162
578048
578102
578638
579323
579460
580340
580845
581084
581179
581241
581652
582252
583111
583402
583717
585242
586033
586445
586547
586651
586805
587219
587342
587689
587697
588085
588770
589470
590830
592161
592393
592594
592643
593176
593740
596735
596795
597446
598941
599187
599279
600165
600654
602880
603055
604979
605050
605425
609674
609777
609988
610424
611110
611757
611920
612640
613108
613938
614250
614379
614601
614877
615154
615195
615887
616737
616942
616977
617171
617825
618468
619084
619522
620146
620781
621524
621601
622116
622259
622919
622971
623269
623663
625097
628132
628825
629073
629705
630844
630967
631588
632368
632421
632776
633072
636621
636833
637185
637428
639064
639432
640064
640566
640780
640871
641226
641575
641703
641988
642454
642923
642928
643250
643409
644190
644235
645991
647034
647208
647240
648363
648509
648944
649122
649667
649825
652440
652487
653464
655583
657738
657798
657856
658549
658612
658822
659764
660190
662876
663632
664927
664961
665060
665113
665595
670008
671326
672381
672993
676143
677012
677116
678892
679415
679592
680658
681227
682763
683215
684113
684441
684630
684929
685334
685382
685496
685830
688536
689207
691017
691095
691540
693446
694855
697481
698928
698950
699356
699658
701005
701448
701933
702586
702783
705868
706370
707681
708485
708580
708905
708979
709182
709202
709500
710275
710914
711029
711311
712209
712672
713553
713839
713958
714252
714549
715384
716593
717068
717150
717316
717373
717398
717878
717951
718180
718826
719866
719940
720091
725417
726753
727179
727886
730869
731440
732088
734868
734892
736265
736644
736862
737187
737579
738114
742581
743213
744367
745476
746070
746539
747108
747807
747822
748207
748242
748748
749172
750129
750253
750567
750727
750759
750842
751091
751854
751904
753147
753172
753409
754413
754778
755158
755274
755996
758214
759788
760117
763290
763504
763739
763771
763962
763986
765146
766759
767465
767732
767922
767982
768668
769712
769948
770949
771117
771130
771273
772937
773957
774381
774846
775335
777756
778144
779511
781177
782409
782832
783023
783518
783760
783900
785007
785050
786053
786194
786293
786462
787178
787458
787714
787867
788521
788620
788888
789196
789241
789599
789652
790353
791565
791758
792015
792699
793590
793916
796470
796535
796677
796879
797211
798738
799012
799176
799444
800213
800235
801129
801165
801742
801800
801898
802067
802309
804623
805597
805764
806008
806204
806434
808487
809010
809089
809146
809359
809454
809524
809716
809806
810155
810241
811066
811589
811664
811761
811953
811979
812615
812629
812948
813019
814453
814649
815018
815162
815376
815484
816076
817150
817187
817467
818065
819797
820144
820638
820778
821026
821280
821590
821912
822358
822629
822781
822875
823315
823418
823519
823719
823768
824275
824604
824688
824899
825213
826237
826500
826763
826793
827178
827844
827908
828277
829207
831598
831717
831977
832197
832651
833427
833488
833712
834399
835299
836064
836327
836750
837098
837353
837528
838244
838987
841764
842278
843360
844572
844699
845202
846187
846277
846989
849677
850829
851875
852261
852284
852497
852827
853192
853248
853369
853612
853853
854050
854349
854517
855198
856875
856939
857128
860481
861058
862250
862653
862956
863077
864264
864288
866072
866843
866993
867970
868423
872332
872458
872513
872547
872563
872679
873141
873403
877556
879005
879948
880056
881518
882535
882580
882980
883357
883904
884158
885610
886122
886341
886623
887014
887697
887813
887931
888655
889315
889496
889907
890157
891084
891274
891325
891379
891665
891891
892009
892207
893593
895085
895130
895198
896140
896189
897887
898015
898672
898747
898942
899213
899328
899532
899602
899887
902824
903253
903803
903996
904162
904398
905195
906704
907639
909339
909641
909766
909887
910795
911530
912495
913544
914445
915115
915298
915768
915983
916088
916682
918443
920213
922239
922373
922526
923866
924899
925120
925245
925875
926773
927091
927667
927990
928066
928148
928288
928774
929692
930585
931091
932729
933593
933755
934049
934254
934606
935722
935952
935993
936085
936629
937418
938049
938604
939220
939634
941117
942284
942716
942911
943023
943648
944238
944573
944663
944761
946168
946508
947001
947437
947524
948497
948683
949105
949786
950172
951590
951636
951760
952020
952126
952377
954637
954729
954830
955362
955511
955552
955837
956216
956549
956611
956900
957375
957400
958153
959964
963075
963953
965466
967726
967752
968091
968448
968637
969352
969397
969542
969742
971152
971789
976005
976312
977824
979391
980386
980772
986158
986346
986614
987995
988588
989334
989426
989522
989656
989723
989824
989840
990371
995782
995838
996038
996088
996210
996414
996508
996537
996767
996839
999077
1002001
1002520
1003529
1003858
1005031
1006391
1006671
1007344
1007683
1008053
1008473
1008554
1008591
1009432
1012455
1012734
1012862
1013832
1014927
1015005
1015137
1015363
1015750
1016827
1017011
1017193
1017310
1017367
1017563
1017736
1017975
1018080
1019936
1019985
1020126
1020260
1020570
1020639
1021131
1021283
1022022
1022054
1022943
1023156
1023504
1023866
1023995
1025580
1025721
1025993
1026304
1028410
1028699
1029046
1029131
1029500
1029883
1030116
1030307
1030479
1030997
1031037
1031244
1031380
1032096
1032559
1032842
1033043
1033358
1033576
1033861
1033937
1033989
1034742
1034869
1035358
1035941
1036326
1036462
1038488
1039058
1039441
1039455
1039643
1039752
1041066
1041111
1041601
1042013
1042558
1045553
1045778
1046086
1046678
1048055
1049060
1050070
1050349
1050921
1051346
1051686
1052609
1059677
1060213
1060697
1060884
1060994
1061934
1061947
1063115
1063588
1063898
1064129
1064810
1066060
1066250
1066963
1067399
1067579
1068269
1068871
1069475
1069554
1070659
1071824
1071866
1072361
1073403
1073567
1073640
1075813
1077315
1077371
1077933
1077996
1078350
1078366
1078548
1078660
1078999
1079230
1080342
1082694
1083417
1083758
1083859
1084282
1085362
1085750
1085996
1086486
1087419
1087543
1087587
1087905
1088342
1088387
1088461
1089040
1090438
1090773
1090806
1090973
1096214
1096417
1096609
1097025
1097373
1097599
1097742
1097975
1098201
1098528
1098947
1099346
1100297
1100412
1100593
1100887
1100984
1101109
1101365
1101530
1103933
1104241
1104924
1105342
1105619
1105673
1105935
1106431
1107118
1107482
1107752
1107879
1107956
1108308
1108355
1108866
1109022
1109536
1109702
1110016
1110269
1110467
1110739
1110872
1114804
1115322
1116953
1117020
1118951
1119295
1119389
1119404
1120008
1120596
1122074
1122244
1122609
1122661
1123560
1124121
1124563
1125000
1125595
1126858
1127845
1128071
1129619
1130192
1130652
1131329
1132622
1133772
1134044
1135774
1136445
1137187
1137305
1138405
1139055
1139710
1141515
1143182
1143845
1144215
1144261
1144536
1144777
1144816
1145157
1145411
1145768
1146061
1146075
1147065
1147164
1149358
1150262
1150966
1151245
1152114
1152749
1153269
1154107
1154766
1155321
1156200
1156276
1156532
1157085
1158898
1159147
1159177
1159348
1159799
1160827
1161268
1161928
1162146
1162303
1162662
1162768
1162830
1167244
1167348
1167495
1167575
1168048
1168445
1168532
1168650
1168858
1169500
1169701
1170092
1170430
1170903
1171279
1171365
1171455
1171793
1171864
1172253
1172646
1172739
1172825
1173478
1173762
1174714
1174738
1178883
1179020
1179241
1179518
1179825
1180634
1180734
1180789
1183024
1183585
1183631
1183729
1183844
1184349
1184710
1184992
1188682
1188711
1189361
1190061
1190163
1190508
1190830
1191205
1191520
1192250
1192436
1192542
1193900
1194588
1195361
1195430
1195591
1196582
1196929
1197939
1198130
1198545
1198631
1198897
1201031
1201340
1202019
1202043
1202638
1202902
1203805
1204007
1204379
1205230
1206528
1208058
1208170
1208404
1208718
1208759
1209310
1209349
1209717
1209978
1210126
1210160
1210885
1211300
1212587
1213877
1215286
1215364
1215645
1215678
1218890
1219118
1219226
1219413
1221850
1222821
1223075
1223336
1224169
1226337
1226936
1227054
1227139
1227739
1227935
1228841
1229080
1229230
1230795
1235332
1235619
1235717
1236147
1236544
1237466
1237760
1237967
1239027
1240457
1241738
1241967
1242228
1243156
1243467
1243583
1243722
1243978
1245839
1246134
1246783
1247147
1247302
1247349
1247712
1248097
1248837
1249401
1251732
1251772
1251979
1252307
1252439
1254925
1255346
1256092
1256314
1256682
1256845
1257326
1258262
1260005
1260054
1260361
1260459
1260752
1260974
1261225
1261276
1261764
1262113
1262228
1262272
1262368
1262610
1262732
1262832
1263231
1264238
1264417
1265132
1265300
1265458
1265595
1265709
1265762
1265896
1269828
1269998
1271371
1271872
1272596
1272694
1272838
1273649
1274530
1274921
1275363
1276024
1276680
1277081
1277178
1277490
1278447
1278588
1278650
1279763
1280735
1280780
1281875
1282017
1282086
1282312
1282842
1285195
1285868
1286253
1286445
1286495
1286671
1287288
1288196
1288513
1288910
1289075
1289263
1289291
1289482
1290821
1291223
1293313
1296731
1297698
1298238
1298267
1298308
1299316
1300315
1301455
1301750
1305142
1306734
1309269
1309562
1311131
1312245
1312648
1313111
1313350
1314166
1315056
1315215
1316113
1316814
1317608
1317776
1317874
1318077
1318215
1318344
1319995
1320249
1322338
1322381
1322798
1323564
1325569
1325616
1326568
1327165
1327367
1327862
1328296
1329055
1330907
1331185
1331636
1333898
1334080
1334179
1334745
1334969
1336493
1337583
1338084
1338575
1340939
1341130
1343659
1344841
1345279
1345550
1351163
1351178
1352487
1352748
1356589
1357016
1357440
1357705
1357998
1358142
1365587
1366165
1367102
1367561
1369140
1370344
1370830
1371091
1371346
1371803
1372451
1372767
1373909
1374745
1374837
1375393
1375413
1375593
1376284
1378814
1379591
1379648
1380270
1380347
1380841
1381053
1381075
1381891
1382872
1383666
1384265
1384437
1384631
1384988
1385072
1386067
1387155
1387283
1387477
1389242
1389497
1389996
1390600
1392274
1392293
1392335
1394119
1394540
1394756
1394972
1396881
1397660
1398544
1398832
1398969
1399008
1399687
1399869
1400430
1400753
1400841
1405011
1405080
1405289
1405383
1405699
1405866
1405956
1406691
1406912
1407196
1408862
1409142
1410541
1410560
1413204
1414954
1415132
1415664
1416016
1416401
1416546
1416721
1416826
1417166
1417388
1417637
1417923
1418078
1419593
1419712
1419810
1420034
1420652
1420920
1421019
1422272
1422596
1422974
1423229
1423400
1423985
1425050
1425152
1425258
1425423
1425820
1426168
1426641
1426769
1427281
1428067
1428309
1428345
1428461
1428680
1428775
1428876
1428963
1429223
1429645
1430126
1430918
1431169
1431542
1431965
1432058
1433143
1433384
1433922
1434270
1434329
1434663
1436252
1436730
1436809
1437425
1438185
1438229
1438945
1439029
1439712
1440736
1441016
1441340
1441398
1442942
1442975
1443476
1443570
1443715
1444444
1444638
1444898
1445214
1445529
1446732
1448003
1449343
1449462
1450226
1450494
1450972
1451793
1452124
1452214
1452671
1452947
1453044
1453652
1454095
1454473
1454567
1454773
1454838
1455144
1455712
1456083
1456288
1457354
1457660
1457753
1457778
1457994
1458353
1458735
1458908
1459293
1461114
1461456
1462745
1463590
1463695
1463787
1463950
1464048
1464143
1464540
1464670
1465027
1466178
1466322
1466620
1467042
1468061
1468436
1468544
1469575
1471107
1471230
1471545
1471991
1472376
1473723
1473966
1474425
1474723
1476359
1476563
1477219
1478507
1478680
1478712
1478866
1479249
1479277
1479500
1479553
1479957
1480608
1480950
1481293
1481452
1482146
1483244
1483571
1484581
1485141
1485576
1485937
1487089
1487542
1487792
1488689
1488800
1489074
1489659
1489986
1490171
1492253
1492645
1494470
1495192
1495496
1496382
1496605
1496937
1497293
1497952
1501187
1501245
1502385
1502422
1502512
1504527
1504610
1504805
1505420
1506040
1506074
1506589
1506820
1506962
1511337
1511356
1511495
1515108
1515873
1516065
1516249
1516393
1516918
1517248
1517601
1517695
1518072
1518234
1518768
1519242
1520728
1521712
1523638
1523733
1524985
1526048
1526653
1528500
1528547
1530069
1530445
1531213
1531262
1531637
1531722
1532326
1532622
1533517
1533742
1534415
1535110
1536440
1536768
1536862
1536919
1537176
1538667
1541866
1542220
1542351
1542393
1542497
1542890
1544148
1550989
1554155
1554798
1556469
1556641
1557791
1557839
1558468
1559779
1560433
1563365
1563554
1564220
1564996
1565101
1565332
1565433
1565708
1566392
1569068
1569911
1570052
1570246
1571523
1571599
1571788
1572394
1572799
1573668
1577080
1577797
1577886
1578051
1578107
1578815
1579014
1579282
1579415
1579494
1580375
1580872
1581033
1581621
1581664
1582068
1582194
1582993
1583541
1583742
1584808
1584946
1585166
1585199
1585231
1585297
1585650
1586166
1587059
1587244
1587381
1587485
1587763
1588067
1588173
1588491
1588742
1589189
1590226
1590366
1590556
1590864
1591475
1591576
1592323
1592432
1592695
1592903
1593809
1594169
1595053
1595285
1595422
1595726
1595782
1596002
1596312
1596654
1596925
1597625
1598711
1598925
1599340
1600924
1601692
1601851
1602184
1602286
1602349
1602431
1602589
1603490
1603651
1604907
1605037
1606162
1607347
1607453
1608214
1608329
1608567
1609700
1609993
1610139
1610318
1610953
1611305
1611607
1612204
1612254
1612302
1612675
1612904
1613770
1615274
1615636
1616384
1616633
1618490
1619578
1620058
1621404
1621880
1622103
1623915
1624209
1624298
1624827
1626005
1626083
1627272
1628107
1628247
1628653
1628785
1628839
1633075
1633620
1633803
1635050
1637590
1638922
1640769
1641330
1641719
1642269
1643183
1643465
1645251
1646874
1647022
1647339
1647440
1647641
1647904
1648309
1649242
1650278
1650907
1651417
1651955
1652308
1652538
1653833
1653975
1654246
1654525
1654651
1654737
1654892
1656262
1656630
1656691
1656736
1657935
1658320
1658556
1658889
1659925
1660217
1660487
1660615
1661803
1661987
1662174
1662503
1662581
1662778
1663411
1663737
1664448
1664493
1664540
1664596
1664644
1666358
1666503
1666776
1667200
1667638
1668072
1668346
1668803
1668870
1668953
1669031
1669190
1669287
1669986
1670434
1670676
1672283
1672355
1672430
1672599
1673623
1674231
1676351
1676488
1677985
1678146
1678308
1678667
1678735
1678883
1678983
1680444
1680484
1680883
1681654
1681774
1682103
1683758
1684160
1684573
1684626
1685217
1685773
1687775
1690033
1690131
1690675
1693657
1703006
1704281
1704855
1705016
1706759
1707335
1707827
1708049
1708493
1709546
1709718
1709945
1711801
1711850
1711908
1712217
1712309
1716590
1716693
1716872
1717010
1717479
1718378
1719459
1719494
1719779
1720461
1721005
1721341
1721375
1721699
1721822
1722149
1724736
1725079
1726184
1726306
1726398
1727799
1727932
1729076
1729114
1730760
1731097
1731429
1731467
1731573
1731648
1731766
1732145
1732240
1732449
1732581
1732719
1732925
1734798
1735261
1735937
1736088
1736180
1736994
1737496
1737807
1737889
1738157
1738478
1738795
1739200
1739345
1739455
1739506
1739549
1739908
1740054
1740298
for the last 31 steps, the average number of steps until reward = 296.80645161290323