7245
7275
10874
12879
14109
15336
17334
18424
19843
20382
21964
22355
22834
22879
23255
26328
31714
33143
34818
34926
35502
35729
37124
37203
37598
37685
41438
42783
43008
43510
44216
44652
44809
46439
51241
52434
53099
54427
55088
55522
55791
56045
57227
57693
58860
59576
62053
62711
64342
68775
68820
68953
71491
73349
74427
74613
74647
74696
77205
77854
77884
77942
78026
79198
79645
79828
79849
80874
85191
85244
85916
86635
88748
89193
89674
90036
90203
90853
91443
91534
91782
91891
92027
92348
92778
95821
96388
98309
98378
98802
98870
99546
99566
100244
100559
100584
101434
102734
105422
106062
106297
107114
108215
110399
112152
112252
112483
113157
113411
113631
113876
116138
116271
116513
116646
119633
120999
121770
122909
122976
124192
124350
125088
125707
126323
129954
130149
130522
131444
135577
135902
136328
137865
137933
138068
138191
138261
138524
139889
140689
140719
143312
144577
145208
145645
145656
145668
145733
146120
146611
146910
147174
147299
147562
149190
149212
149295
150494
150573
150672
150920
151363
151645
153546
153824
153938
154148
154262
154304
154460
155251
155334
155433
155495
155571
155611
155806
156440
156516
156664
156670
158242
159353
160445
161553
161586
162949
163064
163554
183107
183806
184536
184721
185941
186480
186651
191852
191864
191917
196710
197689
198962
199081
199262
205825
208506
209737
211632
212392
214833
216877
217083
222679
223128
225263
226391
232997
234046
235361
236071
236810
236965
237982
238311
244419
245380
246468
247530
249114
251550
259620
262546
263038
263497
265689
267413
267492
268844
275413
277641
289281
289350
292373
293503
294790
294845
295511
296298
296688
297112
297249
299691
303964
306603
307689
313773
314057
314807
315099
316142
316170
319975
320403
323865
325518
326674
327401
327619
328154
330602
331498
331944
333172
333456
342484
344015
344036
344656
351183
351933
358946
358989
359247
359667
359893
359959
360635
361287
362288
362614
362962
363090
364369
364791
365017
365138
365175
365401
365642
366139
366236
369365
369670
369860
369953
370789
370836
370915
373587
373975
374156
374911
376616
377473
377995
378020
378078
382825
383256
383675
383712
383948
384134
384402
384504
384519
384746
384769
385858
386102
386285
387016
387169
387771
388498
389040
389331
389455
389808
390009
390226
390565
390665
390706
390971
390990
391077
391644
391684
391831
391995
392552
393257
393399
393493
393523
393620
393763
393850
394288
394304
397193
397302
397568
397845
397938
398011
398067
398395
398440
398653
398718
398744
399217
399751
400132
400546
401031
403725
403918
404265
404801
405091
405310
405590
406836
406905
407072
407147
407185
407235
407284
407313
407355
407378
407518
407686
408777
409699
409806
410047
410534
411591
411628
411768
413373
413434
413558
413572
413759
413795
413853
414091
414236
414324
414608
414700
414720
414761
414810
414872
414889
415011
416579
416625
416707
416919
417007
417497
417840
417892
417941
417956
418021
418131
418183
418245
418344
418512
418621
418728
418748
418763
418807
418961
419090
419301
419352
419837
419854
420253
420295
420317
420602
420927
421723
421741
421867
422182
422269
422348
422416
422424
422548
422622
422730
422768
422820
422893
423107
423130
423290
423420
423536
423558
423770
423847
425446
425495
425586
425672
425877
426063
426150
426270
427403
427526
427601
427695
427858
428109
428126
428369
428999
429043
429211
429287
429520
429714
429775
429855
429875
430362
430424
430547
430735
430859
430897
431024
431342
431707
431729
431740
431814
431840
431982
432130
432168
432203
432242
432311
432428
432564
432600
432869
432957
434749
434837
434856
434911
435003
435818
435906
435947
438313
439033
439096
439351
439453
439469
439531
439631
439760
439898
439933
440065
440660
440728
440951
441338
441565
441621
442407
442633
442662
442750
442855
442894
443591
443704
443854
443895
444068
444103
445795
445807
445825
445927
446055
446194
446720
446888
446957
446993
447674
447741
447862
448064
448518
448756
448934
449008
449282
449408
449887
450128
450181
450291
450339
450495
450607
450781
450809
451138
451158
451515
451927
452055
452189
453511
453574
453715
454040
454082
454132
454273
454345
454495
454706
454871
461803
461930
462095
462150
462332
462573
462862
462895
463105
463157
463559
463742
463863
463993
464410
464469
464610
464761
465139
465305
465329
465479
465495
465631
465831
465941
465963
466034
466108
466128
466142
466606
466708
466761
466922
466998
467090
467115
467172
467225
467275
467423
467545
467571
467996
468183
468230
468274
468564
468650
468744
468932
469042
469512
469648
469690
469766
469893
469992
470056
470082
470165
470306
470970
471228
471294
471402
471425
471494
471568
471622
471697
471830
471897
472055
472302
472408
472471
473231
473301
473470
473610
473653
473667
473701
473805
474319
474829
474890
474911
474999
475180
475249
475317
475455
475580
476575
476703
476762
477102
477156
477512
477533
477570
477630
477653
477689
477710
479551
479575
479628
479669
479686
479854
479901
480196
480235
480283
480314
482742
482920
483083
483264
483470
483538
483686
483800
484043
484130
484314
484397
484679
484742
484868
484951
485098
485608
485744
485873
485949
486058
486365
491143
491232
492063
495680
496605
500251
500596
501398
501686
502233
502361
502493
502660
502969
503018
503355
503429
503925
504316
504537
504556
504692
504805
504862
505187
505250
505340
505399
505423
505505
505573
505960
506432
506503
506650
506669
506745
506822
507342
507804
507989
508167
508482
508781
508865
509078
509177
509240
509256
509284
509321
509375
509517
509722
509800
509827
510442
510572
510731
511341
511536
511561
511618
511640
511735
511833
511893
512022
512186
512196
512268
512520
514105
514273
514377
514444
514635
516814
516834
517000
517678
517724
518377
518816
518881
518961
519031
519063
519077
519108
519121
519252
519351
519406
519530
519603
519676
519691
519735
522536
522573
522596
522614
522983
523016
523342
523484
523831
524304
527361
529020
529109
529187
529232
529277
529359
529386
529635
529817
529908
529972
530077
530249
530843
531054
531067
531091
531123
531179
531605
531635
531694
531753
532029
532133
532191
532305
532374
532470
532503
532597
532803
532898
533236
533272
533325
533384
533527
533728
534018
534358
534554
534971
535146
535182
535242
535363
535457
535658
535880
535936
536075
536404
536474
536615
536655
536756
537547
537620
537892
537935
538024
538099
538196
538284
538366
538369
538463
538615
538754
538772
538789
539447
539704
540595
540818
541353
541678
541863
541962
542380
542552
542721
542847
543308
543492
543614
543649
543721
543771
543815
543906
546262
546379
546552
546592
548851
549152
549214
549291
549317
549394
549409
549484
549547
549689
549715
549955
550145
550297
550406
550518
550837
551236
551998
552089
552273
552317
552394
552970
553030
553077
553187
553255
553511
553622
553638
554135
554336
554400
560466
561113
561340
561622
562273
562352
562534
562578
563015
563139
563167
563289
563761
568021
568047
572417
573378
573805
574150
575032
575079
575177
575728
575918
576971
577276
578203
578785
579101
583148
586987
587104
587370
590221
592488
592758
593748
594342
595616
597068
598072
598592
598625
598738
600114
600233
602049
603138
603241
604142
604419
604677
604987
606265
607138
608445
608712
608722
609812
610521
610565
610598
611355
615446
617258
617678
618045
618869
619902
622460
622509
622623
622773
622824
623242
623317
623475
623852
624761
628940
629171
630078
631839
637552
641431
643697
645394
648391
650362
651376
652623
653022
653280
653316
653433
653907
653920
653946
658192
658302
658983
659783
665926
668077
668795
671972
673669
674095
674350
675735
677217
679802
682270
686445
686504
691243
691274
691478
692970
693153
694946
697057
698870
699541
700022
701460
703611
704059
705592
705968
707613
712645
713807
714329
715758
717049
719076
720342
722962
725531
726506
727414
731271
733224
734411
734962
737557
740324
740579
743162
745322
747262
749504
752419
761618
764289
764953
766355
770158
771357
771403
771424
771530
771539
771882
773037
778840
782080
783059
785301
785686
786010
786391
786579
790030
791713
792409
793528
796429
797248
797277
797406
798969
799842
800141
801012
801035
801156
802479
802692
803965
803999
804708
805542
807301
807360
809009
810439
810694
811097
812277
815896
817636
817702
817885
818481
818533
818556
819024
821319
823353
824764
825097
826178
827122
827250
828704
828829
829068
829085
829121
831216
831584
832138
832333
832494
833532
835783
836159
836244
836535
838037
839212
839396
839546
839823
840535
842404
842765
842921
843041
843796
844429
844615
844948
845286
846830
849905
850314
850499
851346
851605
852632
853821
854118
854311
854588
855326
855780
856238
856904
857333
858093
861083
862471
863141
864019
864043
864731
864787
864811
864829
865808
865958
866054
866290
866943
867976
868703
870880
870943
871372
873683
874829
875504
877190
877360
878042
878589
878863
879612
880069
880206
880669
880855
882811
882885
883331
883484
883505
884055
885098
887645
888397
888892
890193
891222
891280
891521
892625
895131
895769
896283
897393
897915
899014
899571
899864
901890
902191
904656
904794
904921
907639
907673
907706
907760
908108
908832
909581
910400
910436
910544
910589
910610
910720
910782
911357
912032
912766
913935
915467
916173
916446
917443
917473
918919
919627
919714
920165
920753
920932
921583
921864
922931
923062
923112
923168
923206
924853
925641
926574
926811
927681
927697
928284
928712
928811
929067
929232
930242
930456
930544
930613
930678
930844
931280
933634
934696
934723
936391
938618
938896
939388
939457
939621
942746
944855
945530
945803
945808
946301
946791
946839
947114
947124
947353
947843
948134
948162
948653
948876
949078
950076
950880
951352
951688
953683
955066
955523
955770
956218
957420
957984
958035
958268
958361
958873
958920
959835
960072
960180
960828
962883
966205
966625
967320
967986
968147
968305
968439
968638
968912
969781
970198
970607
970656
970926
971279
971290
971460
972218
972338
972442
972599
972723
973036
973156
973263
977054
977072
977184
977538
977639
977671
977822
978174
978432
978555
980236
980475
980583
980782
980854
981150
981371
981859
981901
981908
982218
982471
982898
983647
983987
984284
984747
985043
985553
987176
987782
987830
987852
987962
989133
989232
989472
989802
989944
990748
991026
991394
991576
991645
991937
991966
992134
992283
994550
994756
995075
995092
997125
997277
998019
998408
998763
1000346
1000968
1001884
1001907
1003216
1003586
1003892
1004201
1004865
1005818
1006066
1006070
1006510
1006675
1006737
1006798
1007110
1007630
1007847
1010566
1010720
1012589
1013934
1014009
1014222
1014449
1015524
1015548
1016189
1017313
1018284
1018382
1018780
1018859
1019608
1019737
1019782
1019839
1019934
1021222
1022560
1022928
1023010
1023160
1023403
1025127
1026522
1026834
1026984
1027002
1027532
1027575
1029157
1029317
1029802
1030102
1030242
1030493
1031198
1031221
1031530
1032140
1035916
1036055
1036179
1036521
1036665
1036711
1036951
1037075
1040325
1040743
1040754
1041680
1041714
1042693
1042913
1043003
1043016
1043196
1043560
1044664
1044671
1044730
1046399
1046869
1048110
1049777
1051317
1051556
1051633
1051879
1051888
1051917
1051949
1052424
1053447
1054079
1054966
1055352
1055894
1057513
1057561
1058078
1058239
1058292
1060208
1060288
1060722
1060827
1061306
1061579
1061589
1061670
1062022
1063418
1064021
1064202
1064397
1064549
1065381
1065478
1066349
1066875
1068493
1069159
1070114
1070598
1071846
1072916
1073511
1074207
1074421
1074829
1075357
1075503
1075822
1077701
1077965
1078774
1078846
1079005
1079463
1079676
1080173
1081530
1082846
1082975
1087904
1087935
1087942
1088777
1088893
1089478
1089523
1089579
1089723
1090234
1090431
1092694
1092893
1093579
1093854
1094127
1094572
1094757
1095308
1095653
1095835
1096146
1096744
1097139
1097599
1097641
1097675
1098205
1098326
1098797
1098820
1098906
1098935
1099330
1099769
1099863
1099870
1102512
1102522
1103160
1103229
1104229
1104299
1104684
1106636
1107210
1107799
1107802
1107902
1113508
1113681
1113700
1114456
1114559
1114760
1114933
1115338
1115605
1116275
1116830
1117419
1118006
1120228
1121189
1121694
1121785
1121811
1122939
1124251
1124365
1125476
1126146
1130894
1130964
1131216
1132117
1134750
1136791
1138543
1138698
1138772
1138833
1138968
1140240
1143127
1143159
1143364
1144114
1146512
1148295
1151796
1152464
1153142
1153540
1153543
1153950
1154940
1157377
1157687
1157821
1160959
1161283
1161505
1161733
1162315
1163921
1165464
1165928
1166009
1166991
1167273
1168023
1168550
1168964
1169168
1169220
1172044
1172142
1172197
1172586
1172688
1173094
1173178
1173942
1174540
1179202
1180391
1180879
1181361
1181401
1181419
1182233
1182579
1182606
1182968
1183105
1183380
1183943
1184267
1184688
1185494
1185552
1186048
1186188
1186511
1187849
1188665
1188788
1189253
1189483
1193059
1193484
1193594
1195408
1197090
1197167
1197328
1200402
1200824
1203393
1203499
1204319
1207852
1207868
1209156
1210837
1213063
1213249
1214763
1215540
1215782
1215909
1216228
1216748
1216947
1217172
1217260
1217274
1219315
1219455
1220414
1221111
1221972
1222075
1223464
1223899
1224619
1224866
1224951
1226584
1227014
1227438
1227680
1227773
1230198
1230536
1231160
1231393
1231602
1232743
1232799
1234148
1234239
1236270
1236319
1236406
1236424
1236798
1237111
1237277
1237639
1239072
1239190
1240765
1241447
1241609
1241625
1241796
1242039
1243092
1244619
1245811
1248275
1249045
1249848
1250154
1250292
1250338
1250432
1251447
1251935
1252358
1252539
1254717
1254925
1255259
1255422
1256420
1256455
1256677
1256893
1258897
1259108
1259126
1259589
1259685
1259975
1260329
1260887
1261224
1261593
1262018
1262050
1262697
1262760
1264297
1264599
1265343
1265351
1266175
1269501
1270585
1270594
1270599
1271299
1272498
1273278
1274480
1274793
1275335
1275341
1275726
1275744
1275844
1276362
1277604
1281622
1281782
1283243
1283652
1283738
1284499
1285225
1285367
1286799
1286876
1287070
1287516
1287663
1289496
1289864
1289890
1290207
1291425
1291451
1291922
1292519
1295690
1296361
1297263
1297426
1297509
1300391
1303519
1304734
1305074
1308662
1310423
1311057
1311381
1312095
1312147
1312323
1312512
1313042
1313757
1314199
1314685
1315491
1316209
1316555
1317498
1317714
1318028
1318288
1319234
1319693
1319769
1320175
1321256
1321541
1321556
1321987
1324078
1324340
1325110
1325339
1325963
1326858
1327576
1328866
1331952
1331997
1332033
1333592
1336493
1337486
1338013
1342100
1342637
1345634
1346619
1348388
1348859
1349468
1350104
1350939
1351438
1351472
1352024
1352872
1353997
1354080
1354311
1355284
1355465
1356515
1356920
1357249
1358216
1359002
1359804
1360060
1360229
1360722
1361310
1361549
1361604
1361696
1361930
1361989
1363583
1364700
1364785
1365459
1365474
1368965
1369120
1369464
1369531
1369732
1369789
1369869
1370678
1370837
1371034
1371292
1374567
1375414
1375668
1376000
1376191
1376311
1376806
1377623
1378144
1379171
1379278
1380740
1380934
1381424
1382241
1383184
1383984
1384194
1384339
1384429
1385868
1386893
1387014
1387452
1387622
1388054
1388099
1389031
1389350
1389578
1390625
1391678
1392522
1393462
1394328
1395237
1396642
1396840
1397246
1397838
1398044
1398297
1398367
1400348
1402023
1402273
1402771
1404916
1405791
1407016
1407815
1408373
1408518
1411822
1412113
1412269
1412423
1413033
1413380
1413927
1414719
1415316
1415345
1415372
1415585
1416164
1417047
1418912
1419070
1419897
1420557
1420627
1420997
1421936
1422056
1422180
1422250
1424911
1424945
1424953
1425403
1425858
1426360
1427430
1428050
1428162
1428589
1428938
1429304
1430971
1431079
1431653
1433616
1435338
1435813
1436320
1440356
1440562
1441482
1441697
1442433
1444074
1444219
1444331
1445123
for the last 31 steps, the average number of steps until reward = 747.9677419354839