1000
258
303
186
797
371
1000
1000
380
86
1000
1000
777
414
187
629
1000
748
566
248
1000
492
499
1000
237
416
1000
430
844
1000
375
661
1000
644
132
1000
1000
166
288
334
1000
573
1000
367
262
474
435
1000
824
913
316
474
90
1000
610
220
716
335
90
437
1000
1000
787
928
168
407
1000
510
759
1000
538
229
1000
865
1000
1000
1000
1000
521
979
1000
284
742
524
100
188
1000
104
1000
1000
917
1000
1000
328
657
263
539
1000
1000
323
386
265
236
1000
226
1000
1000
132
322
505
164
523
1000
1000
1000
393
401
1000
1000
808
1000
535
1000
367
215
709
416
274
541
636
383
97
1000
223
860
392
1000
948
117
79
1000
504
233
947
521
1000
850
286
203
255
1000
129
940
184
1000
994
559
122
893
1000
187
1000
1000
457
516
1000
493
915
272
276
332
1000
238
220
768
574
528
1000
1000
909
510
429
1000
238
527
154
382
179
831
267
635
430
1000
150
270
1000
1000
202
1000
1000
194
912
579
387
1000
775
702
1000
1000
73
1000
655
1000
631
1000
129
1000
299
1000
718
759
261
651
1000
1000
847
444
1000
858
1000
345
1000
1000
690
1000
223
264
456
117
311
59
297
1000
269
1000
496
644
118
364
1000
149
302
778
565
1000
533
for the last 31 steps, the average number of steps until reward = -15.064516129032258